   4.5029886e-01   3.6258982e-02
   4.5032644e-01   0.0000000e+00
   4.5035402e-01   0.0000000e+00
   4.5038160e-01   0.0000000e+00
   4.5040918e-01   3.6258982e-02
   4.5043676e-01   0.0000000e+00
   4.5046433e-01   1.0877695e-01
   4.5049191e-01   0.0000000e+00
   4.5051949e-01   0.0000000e+00
   4.5054707e-01   0.0000000e+00
   4.5057465e-01   1.8129491e-01
   4.5060223e-01   7.2517965e-02
   4.5062981e-01   0.0000000e+00
   4.5065739e-01   3.6258982e-02
   4.5068497e-01   1.0877695e-01
   4.5071255e-01   0.0000000e+00
   4.5074013e-01   1.0877695e-01
   4.5076771e-01   1.4503593e-01
   4.5079529e-01   2.5381288e-01
   4.5082287e-01   1.4503593e-01
   4.5085045e-01   3.6258982e-02
   4.5087803e-01   5.4388473e-01
   4.5090560e-01   6.5266168e-01
   4.5093318e-01   3.2633084e-01
   4.5096076e-01   5.4388473e-01
   4.5098834e-01   5.4388473e-01
   4.5101592e-01   7.6143863e-01
   4.5104350e-01   4.7136677e-01
   4.5107108e-01   7.9769761e-01
   4.5109866e-01   3.6258982e-01
   4.5112624e-01   9.4273354e-01
   4.5115382e-01   8.7021558e-01
   4.5118140e-01   1.1240285e+00
   4.5120898e-01   1.4503593e+00
   4.5123656e-01   1.8492081e+00
   4.5126414e-01   1.6316542e+00
   4.5129172e-01   1.8492081e+00
   4.5131930e-01   2.2843159e+00
   4.5134688e-01   2.5018698e+00
   4.5137445e-01   3.2633084e+00
   4.5140203e-01   3.2633084e+00
   4.5142961e-01   3.7346752e+00
   4.5145719e-01   4.3148189e+00
   4.5148477e-01   4.4598548e+00
   4.5151235e-01   6.3815809e+00
   4.5153993e-01   6.1277680e+00
   4.5156751e-01   6.9254656e+00
   4.5159509e-01   8.8834507e+00
   4.5162267e-01   8.1220120e+00
   4.5165025e-01   9.1735225e+00
   4.5167783e-01   1.0696400e+01
   4.5170541e-01   1.2618126e+01
   4.5173299e-01   1.3053234e+01
   4.5176057e-01   1.2473090e+01
   4.5178815e-01   1.6787909e+01
   4.5181573e-01   1.7295535e+01
   4.5184330e-01   2.0196253e+01
   4.5187088e-01   2.2843159e+01
   4.5189846e-01   2.3967187e+01
   4.5192604e-01   2.6686611e+01
   4.5195362e-01   2.7883157e+01
   4.5198120e-01   3.2451789e+01
   4.5200878e-01   3.3648336e+01
   4.5203636e-01   3.7963154e+01
   4.5206394e-01   3.9921140e+01
   4.5209152e-01   4.4816102e+01
   4.5211910e-01   4.7789339e+01
   4.5214668e-01   5.3481999e+01
   4.5217426e-01   5.7361710e+01
   4.5220184e-01   6.3743291e+01
   4.5222942e-01   6.7441707e+01
   4.5225700e-01   7.0958828e+01
   4.5228457e-01   7.8790769e+01
   4.5231215e-01   8.4120839e+01
   4.5233973e-01   9.0139830e+01
   4.5236731e-01   9.3511915e+01
   4.5239489e-01   1.0308429e+02
   4.5242247e-01   1.1124256e+02
   4.5245005e-01   1.1548486e+02
   4.5247763e-01   1.2389694e+02
   4.5250521e-01   1.2922701e+02
   4.5253279e-01   1.3680514e+02
   4.5256037e-01   1.5051104e+02
   4.5258795e-01   1.6334672e+02
   4.5261553e-01   1.6867679e+02
   4.5264311e-01   1.7846671e+02
   4.5267069e-01   1.9199131e+02
   4.5269827e-01   2.0656742e+02
   4.5272585e-01   2.1668368e+02
   4.5275342e-01   2.2901173e+02
   4.5278100e-01   2.3423303e+02
   4.5280858e-01   2.4275389e+02
   4.5283616e-01   2.5482813e+02
   4.5286374e-01   2.6679359e+02
   4.5289132e-01   2.8314639e+02
   4.5291890e-01   2.9007186e+02
   4.5294648e-01   3.0816509e+02
   4.5297406e-01   3.2060192e+02
   4.5300164e-01   3.3191472e+02
   4.5302922e-01   3.4649084e+02
   4.5305680e-01   3.6175587e+02
   4.5308438e-01   3.6436651e+02
   4.5311196e-01   3.8100939e+02
   4.5313954e-01   3.9036420e+02
   4.5316712e-01   4.0874751e+02
   4.5319470e-01   4.1204708e+02
   4.5322227e-01   4.3405628e+02
   4.5324985e-01   4.3641311e+02
   4.5327743e-01   4.4921253e+02
   4.5330501e-01   4.5773339e+02
   4.5333259e-01   4.6393368e+02
   4.5336017e-01   4.8717569e+02
   4.5338775e-01   4.8877108e+02
   4.5341533e-01   4.9555151e+02
   4.5344291e-01   4.9990259e+02
   4.5347049e-01   5.1183179e+02
   4.5349807e-01   5.2883726e+02
   4.5352565e-01   5.2738690e+02
   4.5355323e-01   5.4265193e+02
   4.5358081e-01   5.3108531e+02
   4.5360839e-01   5.3445740e+02
   4.5363597e-01   5.4841711e+02
   4.5366354e-01   5.4729308e+02
   4.5369112e-01   5.4134661e+02
   4.5371870e-01   5.4330459e+02
   4.5374628e-01   5.4845337e+02
   4.5377386e-01   5.5139034e+02
   4.5380144e-01   5.4522632e+02
   4.5382902e-01   5.4207179e+02
   4.5385660e-01   5.4178171e+02
   4.5388418e-01   5.3275323e+02
   4.5391176e-01   5.3405855e+02
   4.5393934e-01   5.3079524e+02
   4.5396692e-01   5.2212935e+02
   4.5399450e-01   5.1436992e+02
   4.5402208e-01   5.0403611e+02
   4.5404966e-01   4.9997511e+02
   4.5407724e-01   4.9431871e+02
   4.5410482e-01   4.7934375e+02
   4.5413239e-01   4.6806720e+02
   4.5415997e-01   4.5599296e+02
   4.5418755e-01   4.5573915e+02
   4.5421513e-01   4.3590549e+02
   4.5424271e-01   4.2709455e+02
   4.5427029e-01   4.1331614e+02
   4.5429787e-01   3.9863125e+02
   4.5432545e-01   3.9246722e+02
   4.5435303e-01   3.8231471e+02
   4.5438061e-01   3.6969658e+02
   4.5440819e-01   3.6146579e+02
   4.5443577e-01   3.4300997e+02
   4.5446335e-01   3.3583069e+02
   4.5449093e-01   3.1679473e+02
   4.5451851e-01   3.0018811e+02
   4.5454609e-01   2.9518438e+02
   4.5457367e-01   2.8111589e+02
   4.5460124e-01   2.7081834e+02
   4.5462882e-01   2.5852654e+02
   4.5465640e-01   2.4532827e+02
   4.5468398e-01   2.2854037e+02
   4.5471156e-01   2.2157864e+02
   4.5473914e-01   2.1135361e+02
   4.5476672e-01   1.9510958e+02
   4.5479430e-01   1.8876426e+02
   4.5482188e-01   1.7654498e+02
   4.5484946e-01   1.6697261e+02
   4.5487704e-01   1.5653003e+02
   4.5490462e-01   1.4768284e+02
   4.5493220e-01   1.4137377e+02
   4.5495978e-01   1.3394068e+02
   4.5498736e-01   1.2560111e+02
   4.5501494e-01   1.1323680e+02
   4.5504251e-01   1.0525983e+02
   4.5507009e-01   9.9023281e+01
   4.5509767e-01   9.5469900e+01
   4.5512525e-01   8.5534939e+01
   4.5515283e-01   7.6397676e+01
   4.5518041e-01   7.4077101e+01
   4.5520799e-01   6.5665017e+01
   4.5523557e-01   6.6716527e+01
   4.5526315e-01   6.0552500e+01
   4.5529073e-01   5.3554517e+01
   4.5531831e-01   5.1161424e+01
   4.5534589e-01   4.7209195e+01
   4.5537347e-01   4.4235958e+01
   4.5540105e-01   3.6476536e+01
   4.5542863e-01   3.5243731e+01
   4.5545621e-01   3.1327761e+01
   4.5548379e-01   3.1690351e+01
   4.5551136e-01   2.5816395e+01
   4.5553894e-01   2.5816395e+01
   4.5556652e-01   2.2806900e+01
   4.5559410e-01   2.0667620e+01
   4.5562168e-01   1.7259276e+01
   4.5564926e-01   1.7077981e+01
   4.5567684e-01   1.3887190e+01
   4.5570442e-01   1.3597118e+01
   4.5573200e-01   1.1711651e+01
   4.5575958e-01   1.0515105e+01
   4.5578716e-01   9.1010046e+00
   4.5581474e-01   1.0478846e+01
   4.5584232e-01   7.6506453e+00
   4.5586990e-01   7.0342426e+00
   4.5589748e-01   6.4540989e+00
   4.5592506e-01   5.1850345e+00
   4.5595264e-01   4.7499267e+00
   4.5598021e-01   4.2423009e+00
   4.5600779e-01   4.0972650e+00
   4.5603537e-01   4.0610060e+00
   4.5606295e-01   2.9732366e+00
   4.5609053e-01   2.9369776e+00
   4.5611811e-01   2.1392800e+00
   4.5614569e-01   2.1755389e+00
   4.5617327e-01   1.9579850e+00
   4.5620085e-01   1.1965464e+00
   4.5622843e-01   1.4503593e+00
   4.5625601e-01   6.8892066e-01
   4.5628359e-01   1.2690644e+00
   4.5631117e-01   1.4141003e+00
   4.5633875e-01   8.3395659e-01
   4.5636633e-01   6.1640270e-01
   4.5639391e-01   7.6143863e-01
   4.5642148e-01   3.9884881e-01
   4.5644906e-01   3.6258982e-01
   4.5647664e-01   6.8892066e-01
   4.5650422e-01   3.6258982e-01
   4.5653180e-01   2.9007186e-01
   4.5655938e-01   2.5381288e-01
   4.5658696e-01   2.1755389e-01
   4.5661454e-01   2.1755389e-01
   4.5664212e-01   1.0877695e-01
   4.5666970e-01   0.0000000e+00
   4.5669728e-01   2.1755389e-01
   4.5672486e-01   7.2517965e-02
   4.5675244e-01   3.6258982e-02
   4.5678002e-01   3.6258982e-02
   4.5680760e-01   1.0877695e-01
   4.5683518e-01   0.0000000e+00
   4.5686276e-01   7.2517965e-02
   4.5689033e-01   0.0000000e+00
   4.5691791e-01   7.2517965e-02
   4.5694549e-01   0.0000000e+00
   4.5697307e-01   0.0000000e+00
   4.5700065e-01   0.0000000e+00
   4.5702823e-01   0.0000000e+00
   4.5705581e-01   3.6258982e-02
   4.5708339e-01   0.0000000e+00
   4.5711097e-01   3.6258982e-02
   4.5713855e-01   0.0000000e+00
   4.5716613e-01   3.6258982e-02
